run_number/I gas_mixture_id/I run_grade/I duration/C hv/I thr/I t00 t01 t02 t03 t04 t05 t06 t07 aa0 sum0 aa sum
000045 1  1 14:00:00 1800 20 -965 -965 -965 -965 -965 -965 -965 -965 140 160 50 50
000053 1  1 14:00:00 1850 20 -965 -965 -965 -965 -965 -965 -965 -965 140 160 5 5
000055 1  1 14:00:00 1850 20 -965 -965 -965 -965 -965 -965 -965 -965 140 160 5 5
000056 1  1 14:00:00 1850 20 -965 -965 -965 -965 -965 -965 -965 -965 140 160 5 5
000057 1  1 14:00:00 1850 20 -965 -965 -965 -965 -965 -965 -965 -965 140 160 5 5
000058 1  1 14:00:00 1850 20 -965 -965 -965 -965 -965 -965 -965 -965 140 160 5 5
000059 1  1 14:00:00 1850 20 -965 -965 -965 -965 -965 -965 -965 -965 140 160 5 5
000060 1  1 14:00:00 1850 20 -965 -965 -965 -965 -965 -965 -965 -965 140 160 5 5
000061 1  1 14:00:00 1850 20 -965 -965 -965 -965 -965 -965 -965 -965 140 160 5 5
000062 1  1 14:00:00 1850 20 -965 -965 -965 -965 -965 -965 -965 -965 140 160 5 5
001002 1  1 14:00:00 1850 20 -965 -965 -965 -965 -965 -965 -965 -965 140 160 5 5
001003 1  1 14:00:00 1850 20 -965 -965 -965 -965 -965 -965 -965 -965 140 160 5 5
001004 1  1 14:00:00 1850 20 -965 -965 -965 -965 -965 -965 -965 -965 140 160 5 5
001005 1  1 14:00:00 1850 20 -965 -965 -965 -965 -965 -965 -965 -965 140 160 5 5
001006 1  1 14:00:00 1850 20 -965 -965 -965 -965 -965 -965 -965 -965 140 160 5 5
001008 1  1 14:00:00 1850 20 -965 -965 -965 -965 -965 -965 -965 -965 140 160 5 5
001009 1  1 14:00:00 1850 20 -965 -965 -965 -965 -965 -965 -965 -965 140 160 5 5
